[[ 1.30842624 -6.33440328  0.        ]
 [-7.10304481 -0.23887439  0.        ]
 [-2.88774524  8.80863891  0.        ]
 [ 5.30650508  4.9732724   0.        ]
 [ 8.07439479 -8.33155129  0.        ]
 [ 1.0438494   1.68952138  0.        ]
 [ 9.23872757 -4.15704946  0.        ]
 [-5.1834244  -7.99412115  0.        ]
 [-9.67140741  8.59058634  0.        ]
 [ 3.39833093  5.70305824  0.        ]
 [ 8.32400194 -8.49287626  0.        ]
 [ 0.03015653 -5.85200346  0.        ]
 [ 9.80421652 -7.82438526  1.        ]
 [ 0.90260813 -8.16676552  0.        ]
 [ 8.04043589 -3.68145332  0.        ]
 [ 9.05337953 -4.25998519  0.        ]
 [-0.23883577 -3.36612306  0.        ]
 [ 7.96846097 -3.37653475  0.        ]
 [ 1.79557113 -6.00958495  0.        ]
 [-8.37182838  8.65123207  0.        ]
 [-2.81597765 -4.41569583  1.        ]
 [ 6.79492128 -9.81369469  0.        ]
 [ 5.93832616 -5.58040786  0.        ]
 [ 2.90693225 -2.69709274  1.        ]
 [ 0.32270699 -5.66794105  0.        ]
 [ 8.50432051 -9.12004973  0.        ]
 [ 1.53487712 -6.01246973  1.        ]
 [ 7.60937785 -9.61102961  1.        ]
 [ 3.25868762 -8.67508104  1.        ]
 [ 6.31570356 -9.62644791  0.        ]][-3.03781672 -1.03074307 -0.69190655 -0.69808193 -2.99315351 -0.75714209
 -3.17681464 -1.53902143 -0.69565681 -0.69324754 -3.02958714 -2.79892085
 -3.26333457 -2.13647099 -3.21440558 -3.18553784 -3.03117837 -3.17585855
 -3.17341806 -0.6950511  -2.57653029 -3.20070502 -3.06667236 -3.30507408
 -2.95955127 -3.03764881 -3.51451554 -3.52735931 -3.37306389 -3.22328882][4.8569988  5.3731226  5.45972257 5.44474436 4.60703275 5.34665196
 4.92974868 5.18709534 5.50484304 5.53666719 4.74462836 4.97436879
 8.43560043 5.12267715 5.17859025 4.9541528  5.22838357 5.27239348
 4.71050028 5.38926055 7.82549855 4.56558085 6.74868954 8.60046588
 4.93949661 4.66955997 6.94225281 7.00367494 7.19220507 4.54604343]